$ANSIBLE_VAULT;1.1;AES256
32646662306136386336656339383631316165323332376261663135333164343631323032333566
3836366661353532313838646466666164386666646432340a613731653031653237376362343333
38323065613664316464663565636631383361643430646638646533653238643730646634613835
3932323633633366310a373638376233336466353437313361343036386436653039323431623562
38666561383662363165656364626264313763626332356564643231346335333935613732386433
34396366626436626532386536336165363139306131633638343530613939363564373932353364
65396239323533323733306366356362306533386236663133323337343766383333663665373134
62646565376362373239646335656331343135363065333635666536366534396164663034306164
39363634623965383836346261303430383937613437376233386364363430643966616430303362
35306363316261643633626261633464623735383562396434613333303863376436323761313938
35363031336565343165663134653134393866366663316132333031653839636430303761373938
39323131333161616230393637303961646662393736633031383262626334366162313662346430
35623765623830643239633461623439343837646538306134623038333232643139663064656662
61656462373239313731303331393363306133346561336166373761313236373330613031363763
33303865346265326332393131353834636235386364316563653531626539383162656463623563
31613665333839333734346262356634666364646163316439633662646464663763663433633665
63366566363436383963333334636431353064333232393166393933653437373263393566346533
64333734393731363830656662663836623431303335323662616335656335316330623137386330
34616238393932336434393036616134366236633262383737616264373437633339383634333133
33313530616538636237366566346662666563386135323064343238306336306566316438393231
65623436376139623932376263343661303434313336333131613739636364626464353037376163
39626237356437653263636332653563663938613565633039343439346437653338633734643062
39633430336565383863646539326662623931633439633530303035636630643162356531383331
34613639666339616335396437363865373366613539333330306531323035663365303335653863
61326362383739393338656365613030646465383263656263396366346362313839623765343430
37383839366166323865366465643033383365363863323639366665643063373538623661313963
30336331656237653639333535666538313932353236653061353738313638663737386433303261
30663635666162663566356362656432366461393732346537343634643562313464326334643439
61643261636662336637343163353862666566386637353338333933323339613536643535643663
63613432626466373934316137643939663632333431393939303431633366663332636466643561
37393830316530653435333465313731653631626663643237353338316531376432643863663737
34633534396366626430646633633762383064326661323661303136373138633563393234363262
38663164393637653665353563383432396237643730646134326232626637353866626162383364
38616330376433343935386535626364313134616132356562326130623536653232653935353666
37376532323863623533636130616630653361623164356661623030316465393933643161346362
64656166346363316330613631363563646663353366386230316433373833373263373136363239
36613131333339656161653465636233626661663464313965326339653233346239656662636535
32636161376138333633323265353466303538383136633864623939613266353130663737613865
31373562373030326437346131353465616537303234363135656132316530323766363731313434
30636332613463333232643830383630306537663563323862636261643262616433356430653465
38373631343637396531376361653032646132663137653435343061386538313562663633303261
34656666663438353435326632343265373036633261323936333437333232643038386534316230
30653438373066616136366165333864303734313761366664326136633062663631363762306239
30376566346463636331343337313530613338353263636635343539363832363831643165626464
61643337666437373061316331643937656136343235643638383266343565663463363630613134
61656535383430393937613239343836663131376237653130306461383539326232373061616535
36346630373939663233663332386137653564366664303536643565386636333935633239316164
35333835373139343761643266643438316438383134643134643566303366303465373661613532
30343165646133386537323863613565376666346633343637323038346533623561643865353765
33623532613032313366613033633264316232633534643237376661326234303736633339623963
34613734626335386236356462353166343133663434376165656438313934653263396563353764
33313036326338313365616233653535383661316666336662393538376361313865313130643432
36303965633764643363313836363366393962306235376365666534353839333032306162336433
65666462303134306433336631666563303139656133366438343434666263383661316439336432
38663234333033343861633432393536356261373032336263653634316362653537656262356337
35313938373839346662363037353963366631393666393436366333643135396533336562376530
35376661653964363365373836363063663664323233383231626338663935323632336130316535
32313338323133306563646538663632333039666232616665343839666236303439323230343363
36373432633237363033656339613333666163613938633565656562656666356466313336366336
39303439303139356139366462316461626336393931373839396631646633333365303666663333
61313331326261336531613964623766333838333531633430633833346233613038306564616462
65373639396665653036343535656133393162336464663033623462323066653665316635376630
62633530346435383265623231373939616437396562663735666462633138316633616661306462
31353433326138356339363961303239666263383865313334363633323165616434356638343039
62313663343933343036386464376539653561373866316636653431363132636531636130343939
38376166653930363965316532363736346630333763306365353838643961393265643930653662
66393931383833323063373033303766393364336461363862323331333037356530653630653534
30336163643732613731656165633462613563633732653562633664396633363435396239626136
31653532376232336662323736316665616362343030646339656163376661323762353264373035
36356132303466653235323866323235333434366230656638613638373235393231326531363936
66336362633334373662363365386234323034353139636261396366633861613564303032613939
37363163393438636461663764643031376538396363333530333566336439316333313966303565
33343437616538366666633936643137306261656631373461393163643037353339376537623134
39366665326432303837306363663531633437393330616664633537366338393930306334356539
32353830386665613964353338633931653232306630313836303536323939653162373862313962
38613531326533373631333733353431313531323032306430383461613766653234646535623832
62303961653961643861366661663437333232346131643733626233356436316235633461663635
34393164313133373365383764303364366436303462653663663030656339316264303333663636
61623639643938316364383461653333303534316431613866353764373266306331623730346431
62373364323763616333383636386633653762376635623738346536336632353136633839323362
38636231656662323763306136306436393664376530333433333431383461303030393638356561
66353039393535363536323332336639353864323636346230333863393833313933616162366461
64613261313432323334366634346334373336343737616437656236383163633563623235353632
62613836336130663430306362313237376462613664626435643764376538613733616365613138
36333962623633353632383661353264373039656338313034613130343163343636333561333230
63393963356334316234643861333961323730613431663533333139623538303836326362663433
65366635376333643361666361653035666261303639396564656164656334343262633963376331
38653639636336396131363663313830343334373765396233353363313031303736356134393364
30346238366230303231383938323264656565333534383939303161653031343665383834653036
61323264643331653735663564363738613961636238386336343131396661616637333233653736
36336361336561343736623363333630356534623936386635326237383962383266623564663366
31386330313533613665383133396261343933383965626639303765666433613362383430373262
61386130356362306436333831643337386563363036643661636434363639343337393063616130
30323932313566363839356664376633326263363564393638303764386261393935373961363431
39633633623235363338313335366362353335373538383036633238333133623237646361386533
63343164353236666461643562643963656661623433303032346461353830336662663464613735
65356534663534393031323933363133383262656535333730336239353337326262363636386166
62633235313962336432386164633163303834363063336561633933326530346165643730373934
66646436393435366533363936346639323266383839313130336365616433613237363838333639
32656633663433343163313166363165643438663338346535666637353737333238353335356333
34373463343838383833623831653637653839663132623130666539373138613337303132633239
66356337623838353838366638386336326331326136363931623564663066343162643563633238
32366365623538633166303063643963656432653564646539663437363263356333656331343535
31663833333532643532376134663036356232373235636461333265323232383264656639613533
61666661643565643065343231333164326366336164616462393338656166326337316233376363
66663935386366366236303464326361393733373666653435306339653866613137393266363732
32663734393532333738366165383764646563316664643036383334323430633739373966346261
37343037363763636166653132663765303762633766343765343336316135666338633030306131
62393562386666373937313762646636646331643339313262373234313032303161326139653533
38636662323133343266663430643837646531616234356331346432323432623432383766643734
38393535383032633034666439393535653164353736343166656233633937383662346461306238
31363666663338303433656632376565373462386233653764663638363865316536353337326433
33353232666334663136373362333430643966396564626633613561303436633033633831346464
66636538353034393861663434336438316231633336393730613165396464343334646263613431
33373532376135666130353737353838316163396534643338373761303430306266616166623431
32646430653935343563623861336631353165373663326661346539363033383861326430376433
33643863343561633431646661653864333963356162343535376635386235376537666561343965
33326239383664346563393131383763343766376337623137663030313965643766643532373932
31663234383332366339393530353965353166363239306233313232396263616535316432313636
61363138653433373935633536643339633834343162353964346564623063396463383435653164
64336330383562396439646232633463356638383832386434626663376366613962633565646566
30353261653362653631353234393330383963646639336565386639656537363766636664316266
66343964623337356165333066386134353066386566346631306431353037323533346365363533
35316633376533366432343063313661666338636431326230373835346338626564393238363136
33393931343164373232303039623038353262316361346230346332373039326136376364636661
31373835346534383837303237653237633939666339663435643062366330613261303162663633
63343533656234623266643932313837326563393234643638623833356632393033656164376631
62356362393463346336646263353531313838306432373735336366393937346430303135666539
31353163633762323964623461303133303938383536306661326634653831383435383339383438
36663862666436306632333433626535613165303236333666653333613261303937383637633266
37616636303633343963373466326430393730636335363035323233343065326162363065363239
36376661623333393937393063356430363134373934613466623261646465643730333334653731
38623633656137663033313332306531323236653334343830313138396236393065333263306137
35613666393733333238376439323865333835646166646362613437306236623166393335353262
31396534333661623066303738613264353565313436343666343363383039333133313263313531
66373366376439356461636435663836363530393830643964643235336530636461623437313335
30326432623866373761623139613832656562336335333064613761633333666535333934343635
32386337306335323864643933316466313361633131366233623239373161663861376335613963
61633033656165323961303030373831383964393034663232353163336465336336663136346662
61323638383337373430376561393031356237396434623737376536366539333734333631386530
62323837343939366234383862613430333235633561386162353761393830373232633234663136
36373039616536313130656437643635316539643162613839613337653633313239626561656132
39383030643563343963326330663161376136323364626362666162323763643166326635396132
37373436643331393964623464616632353830653639393331313932346633613231316639376436
39623331653634666166613566323366616337313938313462616264326661633766363964393238
66326663346435356134323866333165633038383931623462346163343063336235376364343538
64313462616532343633373861343337393861396334363561313732363763616362376331373862
34633431326531383563646533663164633937666462303734383939303566306131316330613337
38373037363033316136323761656138326434313331353665333066366439653130613730333564
36333732646661613235633436336562366336306136376530623361613164353536633563376433
39313364373935353565653661643634393530633036383864353334366463636461663665393764
61623632316138623337376461343130396430626362323934643961323432316465343237636436
66643530386163663535633761346535646362326666323338643265373261653963623634336132
62646162373131353630613536633765363536346131643133336337343135353231343532623239
37393661313633303739316331316166343762613832656365353231393037336663663362386439
37323736313038396431396333376465623632303836343332306531633737356664666637663338
64343435356264323733653030643063623935303766333462663831626464393432323336376366
65383139636164363031653636313564623164356434633730363266336233383937376338663839
64646235346465376334363765656230356437653364643035336662303033323635306263626563
64353534366435383534313832663961323365663261306431326430363731323362626139613635
34656533393561643463643564323637636433633137326262383866343932393661333766316432
32346536333734643632623931663031313861393736353662343336666239613231623064643237
63633865656362653438313363643462393636373062623738323261653362643733653465386266
62366335383834363936666334323532616233383335643530393737323766343563613530393566
64316237393363386263373036376461336463316335653661333162353366313763656633613633
35333662376530333437633765313763336635643435333662396366303466656136336439363335
64303863323736346435646630366363656631363939623464316334323638383661366236643564
36353165613336653337323836343435303636336132636534653238313739343037393631643132
32613262663437343533373333356634626462633562326165396634623238313338383436656236
39666430663331623334373462633730323439376635303064383766336430656439353433346462
39396532626531653965383938646236656435323330323836653465376563393865316634306336
38363839653734356533386566626635343836393162396366653033383437373232343139326561
33393939366135613232366537393037643336663438316538383038653637303062633630323630
39663537346663633934643134363462643934393763353961343066633539346531313139623735
33343730316236376266393263623162353339663764643364363136323034396564336636663131
32336535313163643536303339663763323566373065323066363236363738346261616661613631
6133
